0.09490484316261086	10.729636276727286	2.815446347803471	5.3121379763954515
0.12912386878640378	18.73953459625749	3.5033562852253417	4.259935030203312
0.1332449744229746	17.308910508420816	2.8996267814496703	4.867399078739326
0.10749960934706126	5.188441186040524	3.6827026580520283	4.758402511152156
0.1264458607071611	12.375354705305792	2.9538392181014914	3.4440443837669728
0.12937883528209504	8.527750251277268	2.894591370406932	3.6564748726508802
0.08240402103115857	16.653768509734007	3.402803359371542	5.176452900252748
0.19726236148113233	10.71592488674765	3.6308685954592	5.819109652923207
0.11007416435605206	13.05485730329365	3.663021357138819	4.962154573124147
0.010100367262089672	12.859290736328997	3.426390510301702	5.908299154749066
0.024192017474826067	8.02407253248763	3.4801322617583392	3.573126696555005
0.0560551318166822	4.489117924270052	3.1145498342036335	4.062950452808448
0.017680957353281058	0.7302157120809039	2.4723250172731106	4.672954817608726
0.034828135353616	19.611891704276523	2.300903641847962	5.187892747726125
0.08833973432427218	7.843274976764727	3.942579936289487	4.066204874450084
0.048072514179339	17.11610841271063	2.36979381587133	4.58797896438952
0.06396566423096975	0.3108610315255689	3.4473192032470927	5.824215896727601
0.0075587531268939585	18.54458482722832	3.4441869272128383	3.7401590102937132
0.196175618928927	6.866286570566196	2.8334007990698744	3.0699041400331346
0.18130242173329125	13.532606515371924	3.4982209156396205	4.600884013549326
0.1269769640717914	9.561731289908387	2.776950134214801	4.195988798755336
0.1809952102286955	2.3260767974496543	3.6917077603084527	3.012474946510948
0.03187969188864579	14.32903771444009	2.5784051641100945	5.11726801133336
0.05076850913599773	16.231120446875558	2.5069630525784663	4.066874323448549
0.003315649695123657	5.440341687427055	2.552451969308712	3.218405790650297
0.16081994710055195	0.9660889497547265	2.38394214640663	4.844707095048908
0.00042616372020569675	11.523666363460778	2.2033243638115034	4.617320068295874
0.028050442900983574	8.825388750555216	3.3717639539950284	5.283268253348246
0.1308920601749751	4.996885521179961	2.7505505401457753	3.1861549083106695
0.02886101821144558	10.45077174190265	2.543300383819071	3.3348088321548013
0.12132975226361112	12.037607464374695	3.4090693299563113	4.277971842518111
0.17099921194621387	19.285229961542022	2.0458078565567157	5.399989568416456
0.10315554109579757	8.0055738007764	2.806067695477563	3.687027145872385
0.02270523677836449	11.604714392731204	3.8245262169226972	5.908027108654203
0.005401079896008243	9.4321786799213	3.2554489448246686	4.583122783989303
0.18056176313809402	9.091333636286624	2.0985485306831686	3.7471660154149777
0.053006885636010505	8.349898387555093	2.2088948168821028	5.602804191182547
0.04898826893838679	11.478026871797397	3.205679815958139	5.657729682232619
0.10369687116335179	19.220167864464834	3.51835345235505	4.536116152901764
0.0678751451143869	13.609525150846068	2.8710520520602074	4.273215077268734
0.17730961875434248	12.761501088146794	3.915065519551486	5.593955480802984
0.023430902697732226	4.606691551011299	2.4068445104483933	4.767480353374603
0.10452576833574843	1.4349261220036746	2.4569470625235517	3.692905383348049
0.1092671773503387	5.941677415938491	2.031574550347935	4.040479121710063
0.06650739012723417	2.3449124126342102	2.56429074643577	3.849992367447122
0.05809768442768242	17.269798009933048	2.2079476911951237	5.896669164637962
0.19905518071901165	13.30862864255388	3.789038711983907	4.026516896546874
0.14892030477181026	6.311627084872571	2.971908222838249	3.466206091038411
0.19771566218845407	13.474749561037305	3.8694519148737507	4.621931492291271
0.041115419693028746	13.026924887917502	3.9746581906061054	3.578896758600428
0.041876735538132565	5.738826082153157	3.103805167134048	4.53100217173076
0.047635801240198776	17.849915226681983	3.949342170428551	5.701493000012038
0.14876831166195773	9.052809427439055	3.767822848572724	4.824680152984582
0.05521968526527524	9.659637563775071	3.13181842857803	5.4976738459225505
0.11706094737762843	8.059306323251798	2.2215185535868125	5.954779677981924
0.06124797819106616	17.623946210703938	2.9405179300740634	3.848675103501559
0.14657011706138245	10.027698209145303	3.739914330644292	4.535723566733248
0.09558208757369986	5.939498178885043	3.8746843726884244	5.399490094692817
0.18104014538355018	18.151489306522066	3.980301949724083	3.543233962249385
0.14679963769481758	3.9787366649413913	2.6485969185082654	5.954334236167096
0.048557626248457324	17.077462429817775	2.6026953577349086	5.4251388191585495
0.0121429318644517	17.80647612348687	2.0833140897179145	3.474820034822843
0.13047845987188583	16.698594612950295	3.670983723925376	5.864815555816178
0.18421699957270468	13.872053346338635	2.093005300390689	5.815721844396517
0.014530577769913533	0.4219853349108993	3.8380822538728006	5.073213912088518
0.14829093462713636	9.036009485839337	3.570272333360142	3.46922793527097
0.13280577264248997	13.307197023396785	2.8402345541881706	3.0482337024908333
0.05697755390551498	8.653339244252782	3.6676065229364547	4.0023270669629065
0.12335337407134461	17.77818443814073	3.2049321670408952	5.268246402851336
0.14464995016311072	5.057509401267639	3.4398593750560695	5.234926346937087
0.08796339737021208	19.844838228967987	3.8564005565150214	4.856898184113463
0.08857031216029282	5.875454106477198	3.726966798168716	3.1196225483408755
0.08074726268853386	11.88485304259661	3.9265662815790794	3.6622668840170096
0.04032922523941101	12.652922957246666	3.792135836564699	3.1360398124178523
0.1683500182727632	15.566208170366798	3.25915632036208	3.0731584575066977
0.12187571420686721	15.67578062858685	2.3957414839131173	5.857312687035655
0.08335580378806653	0.30796053896331443	3.602158902449013	4.660267494887117
0.07020697435503505	5.874024843765113	2.1701772452198633	4.784739343622712
0.15465183353217218	11.996858526244353	2.477952479537405	5.827003430689133
0.10856824355053059	4.111258078763735	3.1481527391131277	5.954591147525275
0.1326913390117213	4.644085449348276	2.1133517926939143	5.627358476183984
0.09922860320944618	14.430774467912384	2.475673472178691	5.892093475039827
0.018863247790112593	15.588125080379477	2.2160199386744575	5.441215398574542
0.07502047047812166	17.580233591548637	2.482669016440093	5.501893323750549
0.023308025065558048	17.41180111848983	3.566326317082302	3.7071200330995886
0.19468907744163536	10.548972011738137	2.8650843805104236	4.6466461648090895
0.03777105311860756	3.4998296390027406	2.406063566337681	4.161090281975428
0.1483159096280787	18.05539588644892	2.1707454953881165	5.192065091553538
0.1581597026367797	15.321218722872679	2.8452814283184495	5.7600848268512905
0.08099240642365509	14.924174401695884	3.2302149626335104	3.1062813871858936
0.051020654150086345	19.328438997337084	3.2961835970265057	4.080042824317313
0.16092927341440966	16.91521255504329	3.5375052920135057	4.0413502507333305
0.15794190367397093	1.9875918257436664	2.548664836284475	4.904538803452066
0.18244584213590223	7.777606318341168	3.036937085086	4.145026897869254
0.0591275230053427	5.889863958718631	3.2765239700607567	3.745598685947172
0.04519044686622436	10.759425283919013	2.5936332583089263	4.2717805964179325
0.033240980759975704	3.8638214704791407	2.320961852081443	5.7362080034049505
0.13925550980556076	17.148366798555163	2.2671100731673905	4.707273383435266
0.04112126314146054	5.267311532050134	2.23813938896796	4.554359022331789
0.16978079831287982	19.515482483854086	3.534399564231096	5.305465928929124
0.1399896677694973	8.590927855597666	3.030811639750578	3.307390368643747
0.020313008142566383	2.749595015704691	2.289125662083236	3.3882773755351976
0.031940342530790526	8.30113054750206	2.17532771327219	4.25303647925075
0.11353312590149006	15.43893380114997	3.964665853499882	3.9354891459079058
0.177744088240398	9.041043026167026	2.7101500930072393	4.567755407211159
0.053818455061989616	16.56833215015618	3.4277161209669544	3.0153877606640167
0.1318972147038521	0.42383238243930865	3.369648077861845	3.820603700981268
0.07774922123918399	0.24288898397904823	3.943617367797401	5.094103208491868
0.1900333042801748	16.839857071081596	3.822509040174953	5.045264371238929
0.10535861930924809	7.405544087840048	3.8804042646610113	3.051055287781899
0.017533721416516056	1.1392812043940737	2.7598251456478886	3.663909937213707
0.15760377026632952	19.92991556571869	3.100091093573087	5.1511082545308
0.042929958793284456	3.535992019986711	2.943562418256127	5.368498899295672
0.13010687561902987	15.814754282946982	2.4570536979294366	3.8557586046421237
0.14979252080250016	3.3403878516946683	2.1429555473169817	4.394560778028314
0.016170891434913858	0.7583065917440956	3.192014649275922	5.632130429416587
0.07025651938720637	17.544109059856975	2.6328073584099227	4.106015813027027
0.0067163492805899505	19.169744376648037	2.8243514924259827	5.592984577435516
0.14601778610064883	13.529007674136992	3.6134380229390595	5.246232882042685
0.01418167841308704	15.133034195997164	3.4657180726681105	3.0590519832967686
0.01338216314886962	12.361381507434515	2.2033423347658436	3.2235973553601776
0.08387322790962415	12.751005731557727	2.266098494581857	3.0676526803411646
0.14584724183480838	14.25355556569511	3.5423107151328708	5.659558173352706
0.13188933336087919	8.83270985294394	2.6526712517125537	5.6660018280503985
0.030444489772172692	7.002519309895874	2.4931670926847236	5.523000056099742
0.16581250093224478	8.689909926376265	3.7159497786569187	5.507051890862369
0.14813098780769535	1.316501359407365	2.1919016385725953	5.98698355052446
0.03852180930691436	18.859871266924717	2.5623114014339063	3.9764302028646146
0.1661677259068208	17.613252342120926	3.050636444103902	3.9180740454192007
0.06821722279910727	0.7519735560547902	2.6146100636416265	4.717419288056866
0.01337188485238805	9.104363840981065	2.8690399409226006	4.57196036467276
0.091124637161523	7.464837774263726	2.6098111268338307	4.514762409405091
0.0013710190459724993	17.104839558462494	2.972790010905485	4.825718860225505
0.030269317144973364	0.7976689544152826	3.3343360258527492	3.6893283108590182
0.01330960642467467	8.335133153379024	2.4500247858083486	4.385305822329577
0.013045721503019792	12.04302059229068	2.2599245556963417	5.828493168868704
0.05684364017091306	0.35750728819469835	3.8443255002966463	4.135576369190635
0.031047853522034475	17.479502247339926	3.2247837535156307	5.300230411100274
0.0381555729807312	0.9483423219888154	3.177192779926644	4.9002249471230215
0.012450645699436748	17.28348531511923	2.7448048609551594	3.106196041340408
0.17005945930034927	16.02853480626826	2.269859778513163	5.943445843440661
0.00795190184648491	18.63590256525808	3.048490019718876	4.400124351666197
0.17515614518847006	18.760389903742734	2.3761181538511775	3.697292571224092
0.17413241517191108	7.687861503991336	2.066656759861345	3.038523413975179
0.030680734478403117	13.91804120759657	2.0162394721865993	4.988151366725569
0.19341540994111442	18.15928276408666	3.2086523313810265	4.730610621922587
0.07086046409637863	11.744479702392475	3.0226533740617887	4.715483271161505
0.07796989632149925	0.10406448122132428	3.807364620834702	4.798962498055575
0.16932047485077142	19.49014357574647	2.214430198013388	5.635270982083008
0.14886974357929703	5.693773136720952	2.3173021960394133	4.420469378500014
0.17145522934334323	2.9704226628065156	3.7978537931494096	5.3431625860633964
0.07675787096180176	11.122094761840735	3.237520427545677	5.806616129685414
0.10698329862715772	17.96266527678357	3.5041474796046357	4.167165948846899
0.17714659341389477	2.172600334992909	2.5425305608384456	5.247655691964113
0.020026360723378912	9.24907285473347	2.291298729793579	3.048284511220811
0.08948121391722777	7.198380023824584	3.5792627820181204	5.398055961368519
0.02259976682555296	12.322470532175176	2.0828040885715815	5.3578661065893165
0.12322540459969554	2.0602934658862537	2.6431564056628765	3.6657728980345348
0.07929102876070156	4.133874118800507	3.708483718374028	4.758950127134363
0.16034121618999875	19.48288148666836	2.7866857699261427	4.4321727933765676
0.13234287219532467	13.412002511348625	3.6176438927174046	5.682165243173437
0.07063713554867235	10.801519872509076	3.1746915745510504	4.246849011082877
0.17498110488701518	11.548044903684445	3.814496597454849	3.051995524171485
0.07467599687907987	6.982684432248529	2.512230383098675	5.791818694045551
0.1707583956674783	0.14279083121792713	2.219753306542314	5.74434165632973
0.0304490587200585	5.951538452615912	3.1017348840681613	3.6516509375863695
0.023529453182396323	11.393346736181368	2.0901573183760727	5.673141736270782
0.047895966361690384	14.522613775103697	3.531824480762911	4.771328963813351
0.033915140347134456	16.225757501732375	3.2825637029033556	3.1455670173655816
0.06185595313932764	5.003601456800637	3.6687768305875563	3.678115011434536
0.1501765601248567	16.28017816226144	3.5612996833466344	3.6855289223783134
0.13516920269895888	3.6702898787329774	3.8038087420738105	5.824154438141505
0.15803958120944503	1.5704323296633405	3.483389747595955	4.411237665374753
0.1924371107430526	3.7789524771847827	3.812921971955318	3.702582340559915
0.10238229694011954	9.334036604070572	2.8357967787332385	4.019315626083083
0.030160979572819005	17.251375587266303	3.036059245882186	4.590210550973932
0.11582977115328981	8.64468528495943	3.232417740410397	4.704701333703493
0.16757723571487243	2.7029928319546803	3.1336935735056253	4.947775638772713
0.06414921048729348	6.299194356601636	3.233430047918455	5.293955939638695
0.1617864624691673	16.20926747843034	2.774741875779684	5.539511208345351
0.07058507202016139	7.366180251096126	3.866736063581288	4.6564672813978225
0.07077925419316432	17.782229772813537	3.625608655876904	4.717528543551563
0.19642614273827053	2.866741618015749	3.6398191481475877	5.269378197013661
0.0009031052304574239	5.755208681456803	2.279939030211141	3.5878787559557135
0.08097467777084898	1.2802828834319824	3.1908207274038545	3.6447090144139977
0.1356857791694137	6.687329812125564	2.8263993855246077	5.75049820456243
0.044882263886649953	2.188550952554098	3.022014633797308	3.7033498582297018
0.010875501289355239	13.59225126496916	3.8504742583554643	3.502263406758111
0.06181338509916397	15.585274880547523	2.535311680655935	4.564262321996758
0.06162348870181651	10.736205350022336	3.5135112456909323	5.611690614177729
0.11365565633824155	19.78295272219947	2.792141306142375	5.147573136526828
0.026336080503617687	19.239868884280284	2.0037937251568207	5.50119070777921
0.04770123704672047	7.389651902957497	3.231747966413246	4.906032978619904
0.11877317571013979	10.866929320954174	2.4935796185754735	4.979242575550039
0.19727949432900702	15.391488595282969	3.377096058723404	5.770004254776722
0.0036958342676903567	9.045017177043713	2.0905283769635017	4.53873572325975
0.035949368210005786	14.659231283215677	3.675337609109521	4.264710052767224
0.18414959919741747	18.446595582036778	2.178851672391597	4.491490776924756
0.1991648958408387	6.619618941626335	2.7950971456755345	4.631542287345886
0.1757181502616595	9.370165824911595	3.688792081303386	4.909388038963758
0.0572650770879195	8.009644880157719	2.992291172310539	4.6088532172048
0.09399426900609074	2.984319636582824	2.184460499863813	4.268434519459566
0.05249251674528219	2.199086578430074	2.648483072792827	5.169976728637397
0.11938856948139565	15.195991408726508	2.535717226686699	4.413659663046593
0.09855758478603033	6.88083863928953	3.9662553632489277	3.1832613938488414
0.17242766345186933	18.339625287702027	2.854610874770498	3.5146097218602335
0.08022677392716404	4.784208405700494	3.173078817420288	4.936662462427433
0.04429383696553005	8.100421747844884	2.919953574706319	4.262681154249115
0.17564066531929723	16.029532203892217	2.8578408186339392	5.829767660065488
0.06981716303617254	15.603896434683282	3.4654789567137128	5.734076614982904
0.05866543407814047	12.060850801113343	3.5493165517724448	4.026886560429787
0.11431798668163565	14.576550540103256	3.1319327175471425	5.786649359985003
0.07324931595204456	16.026800893570563	3.579576042471844	3.2303851227474953
0.09808643307857122	11.72064381640736	3.0800379828528417	5.387541900574241
0.12424463530395219	3.0346746931373803	3.112801139017452	5.698418777425884
0.14408534381571325	6.29955291236767	2.518315396060857	5.263494998492449
0.15492444060263433	3.6371962478839803	2.4565628849793923	4.061674830907376
0.19500352515450736	14.386265651661198	2.691660007356614	5.459241105055778
0.08192719128894765	0.31418931705527786	3.7171211606724603	3.464872732200897
0.1931916276280935	7.949329183359848	2.594281414020043	4.063607848123179
0.17731557007578527	1.8006684918748705	3.4953713711835626	3.9605634418673823
0.06797315087706193	9.295729088564887	3.920855922572197	3.2723561203108273
0.19606375128929796	12.570297516608386	2.487976019785898	5.9510582715626255
0.18115858168479781	5.4842592712829585	2.6115112645043994	3.4570678687420973
0.10961572231058142	0.242007307329537	3.596280603611272	3.6083821811185692
0.1491595856199408	5.557748619132821	2.2759595006097997	4.313109144221881
0.028906956178694678	7.56252041657592	2.085290117885195	5.701818541299782
0.07794420997879069	15.535462776782648	3.032790343347686	4.083288598441438
0.13736315698317578	11.028255622392841	2.139132945009433	5.0473572007437815
0.023245597497207317	3.905517461468593	3.803247697931072	5.593064777238752
0.002765085193560113	5.223169001711914	2.426318712213907	4.2497844099371385
0.08667462001255172	2.3316227614344998	2.2097628829007494	5.970774688160115
0.13606214088033017	8.829328538336373	2.7507973213777444	3.9130013865722164
0.175518611883145	7.282646041984906	3.705498020763259	4.099448716367828
0.02453049498782871	1.7636213950000723	2.189386514529608	3.1971655095908216
0.19094054390101778	13.882869246776824	3.7595389652775557	5.306632965894227
0.03923721302850894	9.245339910102146	3.591589579828661	4.272117289276975
0.15678075152206086	2.606852826161883	2.6342425114344583	3.2946707712388914
0.1617426731833967	14.533451636197604	2.8065015285105996	5.912588442437997
0.13324617119249113	13.755463235219732	2.64249349248439	4.851255726905565
0.01586128011781147	0.3657372485337085	3.21341857243356	4.869351958328099
0.0810682034339389	13.138459772909732	2.1057973246352426	4.234606569821904
0.02102648573288879	7.314117352846816	2.5384853822221403	4.812190956100254
0.1108596215785132	1.89495299776814	3.5726586787043675	5.472886515507732
0.08300791398787727	0.16465588709051904	3.5307405357735018	3.9080668554663704
0.16565180233546536	5.8571640773527145	3.857341069300794	3.028147747320393
0.07666426935524435	19.14764689626567	3.0558925365113048	4.186537546217002
0.1942865474303254	15.492924681873216	3.3777546488168837	3.727720324899176
0.018218228655550874	2.138035639864193	3.281688460985643	5.658211591593453
0.0698942842788242	7.050081836255644	3.749403395094322	4.089793361028724
0.027899813388407104	16.02195594336184	2.3165080578417294	4.984427698715863
0.028270867894861374	17.822185138356467	2.01165462914568	3.8911837042306363
0.09169403954764883	2.599461442001423	2.4197153138715377	3.267453647149974
0.09826125630959148	1.3862785597594884	2.5782626487279376	5.850883242813732
0.10256925529387849	8.443570721819968	3.5158229184285767	4.735982512678155
0.03399403529558298	5.815057769256526	2.439805384952173	4.115527822349437
0.17272891281923786	0.39813949945202154	2.6256149767390995	5.450010140108639
0.17430376016013827	11.224975206992966	3.7695292150659485	3.384463356225985
0.10262487668295864	16.212222226256007	3.5699270770884626	4.128796020643094
0.03189444007876734	10.610784571230196	3.40289984186097	3.785978722477041
0.1446846373380357	17.017569856890642	3.5803276345334862	4.566862224941487
0.17133682185247717	7.739579178102036	3.319331048321091	3.4704528655081743
0.07643603376013162	11.038528265241997	2.3805166380488942	4.953522993610869
0.03329371695877872	1.5496207223297898	2.033892715858751	4.3721831489516925
0.18319881320022466	5.458066111469244	2.760027789773891	5.427989127357832
0.16098453004393787	18.718999113187852	3.4323855301462536	3.4196677328212512
0.06258500809780627	9.431854856265929	3.5649340014725217	3.7536323064443406
0.15675209727604456	13.760043941723845	3.200952828998242	4.7761439120939055
0.10371895642996704	4.904494448637253	2.352856674978212	3.3210022706517526
0.0015895721247960904	13.277201983827581	3.9041611589689897	3.7363321179010156
0.06081393757798051	11.18890890405837	3.8946538063185825	4.40116637803459
0.13835540627636092	2.917742029264354	3.7458177702114415	5.958465241691309
0.15715375667580603	14.944426044628546	3.6545336492556912	3.779023175057673
0.04265462601183026	3.578388684012359	3.981617802763214	3.487909865409968
0.022813784609864964	17.745028937722367	2.1123322595395244	4.398454969015264
0.018386202444516497	12.628401529757003	2.596878809069899	3.310487323983067
0.1919116185827604	12.52811097508971	3.2974081128035544	5.566590906983345
0.17770791691836918	0.6626581693344002	3.082798265255682	4.374463817206666
0.18921167541209782	8.045054360138067	2.247569364970202	4.8032059427017515
0.18423651302881813	2.0169648983288457	3.3063185613291335	3.1160778105008333
0.08592831304396378	14.957558895760057	2.2336081397451952	3.2464504335801845
0.16607289863193528	7.317105733890399	2.7879024596646977	4.276513662547707
0.18423171949104386	9.61990658486723	2.756294725721137	5.983452251711137
0.07192412581814436	14.21793308336159	3.2542881598837794	3.3736243406711006
0.013075641083157931	6.52796359542585	2.8321769995774355	5.825719077877485
0.17198017879263375	16.676831554562582	2.8782250361892516	4.4172293309775155
0.1697030973843523	7.108789094301904	3.327184805165396	4.827005857178499
0.03126820410150879	2.044201116463311	2.0353890494282316	3.0735104250858853
0.061196903041879795	6.0191752726143655	2.3787207634136665	4.622297594543559
0.056547984810058786	19.044282314862283	3.9679507474062548	4.380433127892316
0.14912534217045056	18.902504344799084	2.782610126750989	5.6469858642021
0.18327279898748816	18.470158711796138	2.622361158599129	5.918874736392492
0.1646269072306139	6.33656487828866	3.8472441846632033	4.579267290152642
0.06713681864523538	13.984448640204059	3.4262254751901065	4.685638315121441
0.15968056934712302	10.99059865808111	2.201110241922801	4.082944343191558
0.06131903742542502	11.437800663584948	3.0508413649857404	3.8817787315231618
0.09778895232756822	19.205516689654164	3.8197790389149158	5.3186797211482055
0.1154816976811349	6.853730803473095	3.764456481562374	4.736116594932877
0.11684000660896016	11.046088407854203	3.3360097422346544	4.235257367028635
0.042617894758012614	12.845043689555515	3.691398842446807	4.536893072582972
0.07264594630636334	0.3057037444335231	2.472858697996547	4.821266600078351
0.030277057978651236	19.66491264301187	3.619171143694262	5.839538309567608
0.18853139353627082	1.6474155328926932	3.5406706118003846	5.4632792104537335
0.19839027104103796	17.023352158735925	2.8619554557280913	3.626811680225601
0.05963313523086056	3.8240204398987077	2.5878555774548073	4.4323962537530734
0.08392170834052154	13.519200711383368	3.4144277484002714	3.113903316397157
0.037105622739895774	17.561677942755978	2.002142613844762	4.3920282762471325
0.014560603721901844	15.152172215157776	2.5514033181398896	5.528571762756687
0.09799484185561691	15.058991617754538	2.750467307284363	4.581897182718022
0.17725458658600216	11.064915575341976	2.542284382677112	5.319244606993882
0.1439293672778705	19.591996048223592	2.984001242492721	5.792024268302326
0.15442173919988367	15.837412302081768	2.4329596651344763	3.856761213266426
0.1896064667678139	8.32673261060927	3.7119991978422138	5.243383657413139
0.05654620959065731	11.399036377859147	2.0796203149422223	5.659572135293941
0.007632244842061819	18.333916114036548	3.5089522470045407	3.3035782376629204
0.1853541518651065	4.537629604508728	3.924481459359749	3.139568891416384
0.10270708155261819	9.630827227126261	3.3788211143944653	5.391757051804344
0.08716943196073275	19.161964616755917	2.2083747880331037	3.9319800645249
0.18060276639181502	2.676667094502432	2.1585532202715396	3.6542645967696927
0.1296912635112916	2.075320162105796	3.7435862325833464	5.172288558740566
0.04360799138708682	13.29311461102808	2.8102772543866186	4.388828749366462
0.14668383433130328	0.1821298856444198	2.3430923573308173	3.892925939291028
0.06569122376225499	9.170458541422338	2.7168219883701124	4.59681017288466
0.07551568191403915	5.202841807359984	2.0186272390924147	4.233868714091093
0.10405717003364573	7.948684254861944	2.9150849801037695	5.596734631219829
0.07160346685833759	4.007561136303961	3.0751015128837027	4.3908306124163845
0.19189166468747287	16.26428648461075	2.5246515910192913	3.9296878585085127
0.08471334794548091	16.669806456374996	3.815905143342083	4.968763541977385
0.09050401521116701	14.5453964913724	2.5257761814189412	4.903439622439487
0.10833026466499791	1.1267133994314715	3.728797541402177	3.234292247628419
0.10436119163469196	17.867105597799707	3.2645320889802947	5.387389777068407
0.08291349996568914	13.727828634577325	2.5682755031333846	4.54712073719193
0.11397374090463552	18.190964701750936	2.0340096911860495	3.7151091039613036
0.09754403334457118	9.590165528238197	3.4700474180336633	3.71427128452689
0.07338314531215255	0.9721577903289758	2.7908785069917883	4.191415048723301
0.0013923477222400839	9.259121409372408	2.7053628732584634	3.2404295343474736
0.16048465976712412	1.7905647810573777	2.57419444162143	5.244907253535226
0.13403398456400734	4.319258184009862	2.398069594676957	5.9988505627200714
0.13118801562270216	16.916083935790795	2.5970515291828886	3.560931305658144
0.16308971346252346	6.50460136225699	3.8584332018894996	4.906752605150032
0.12694757425568137	17.18561261882145	2.1375947550110617	3.971290691891457
0.16033079572585573	8.329236273995981	3.0970204436934754	4.428771574851528
0.04695078772799364	11.116837924516751	2.914069563361505	4.904400644996602
0.07811391835988163	17.938612120887257	2.7576612183770233	4.024253649930971
0.1774586030534526	4.916750804483598	3.571713167519275	5.947324600251205
0.04236989601731378	2.07016926305307	2.5855620352731283	4.283903844147886
0.18486208437964324	2.7367389256736763	3.717379441686612	5.683502557400449
0.05870426681898096	15.682998243290527	2.7269928747807275	4.377461276142884
0.07261533226548607	5.675854771762006	3.992958350139575	3.2395112565312614
0.0253165448886155	12.290761891406747	2.8238740082732368	4.537450649177317
0.1409372836094491	9.693345013967738	2.8197676769987075	5.302314388197072
0.00125667552267843	11.099153866949516	2.7530011370073755	5.665957837418915
0.05399685616279162	14.799764741696322	3.128277370212666	3.604891928013929
0.10728703581221054	18.98264053741822	2.4942943516388096	3.839138742882323
0.08134465378611339	2.4603962289058012	2.5346905707135767	5.459327835571194
0.09674337856690883	3.705306810852056	2.8214535199071733	3.5951823134010814
0.1902581986375771	12.630011273001521	3.981176431360852	4.001719577203515
0.09304916621578158	6.713583160006222	2.932608646369229	4.8288514330728445
0.19262724598762407	14.332269155660974	3.678013229785186	5.2895133699432195
0.1987447959189897	4.825389470217432	3.6032268761016146	4.713282209772022
0.18365278724929368	0.622114099432034	2.600917401122663	3.8776142610179614
0.07037364675280076	6.777280294388932	2.904050069555188	5.418882208029919
0.0981132643471268	0.9705004935262052	3.8604351559579877	3.2248584214753544
0.03849811055013293	0.12700206041953432	3.0430485738672135	3.8775886713985077
0.0726580341719671	0.4859967093621309	2.390968726818659	3.050735996105838
0.05721584462451919	13.474812118012242	2.3723497111164673	4.116450758811436
0.06747299099915338	13.989710439702563	3.0827041655996212	4.949598464542986
0.010461801987127163	3.937684639221395	2.5818376269711445	5.949601977379847
0.020526721270258987	13.979815481198422	3.486941572041519	4.735736421075804
0.1869218485280793	1.5162308421313409	2.8467546904442536	4.555184212113254
0.15080168930722768	6.389493528493433	2.6377972449111375	5.863778434435013
0.008542484139634965	1.1161192097825534	3.683844235773051	3.584464071541338
0.13339173801255116	10.774133569420986	2.157888564454087	3.225041938828495
0.12673167208301175	18.598745438731715	3.325563233318543	5.417219550763207
0.15496150613763185	9.425818200914012	2.0984841390215734	3.417958877112227
0.1604251729216884	17.276668675876632	3.517070592513286	5.1580366203843555
0.10906448701710288	12.552853904012103	2.8308088112890784	5.084975204670323
0.017175852517273427	14.696985167894056	2.006110595302394	3.6653767724196706
0.18965504171546202	8.168857279032483	2.5306470221179285	4.918024555550767
0.1421501906119724	18.801818639219917	2.9163080922683537	5.713696034637691
0.06586699195050331	4.796630491390634	3.973239740993582	4.748103442336881
0.14248104987907984	15.933444306952481	2.6936536286953734	3.880079986516216
0.08405065625743702	11.20346922575898	2.5662231951023733	5.394848933708073
0.15499791716613698	0.5303886495761923	3.8397922233535313	4.232909606210823
0.11018729896031312	5.783195318529604	2.329307945983858	5.695720988586837
0.06035654880768875	14.1821633729557	2.5946868149589024	4.580451496885475
0.13833801153592437	17.234451793782426	2.6396825853714345	3.2699165363238993
0.19760281083810974	9.067940264168687	3.5160975307217206	4.873243919524453
0.05530549423424476	17.545504877725826	3.5294056858757066	4.059768400673426
0.021095528434560286	4.39188601912623	3.306794712510715	4.5762103890023775
0.020544838083020347	10.729560312092072	2.145565065262317	5.880549236769457
0.12019558240644895	9.12141910385397	3.380965646605032	3.7344690089938903
0.16258020364949158	11.765903365798565	3.3773421467891653	4.6231966947439656
0.007259094477061723	17.646238676099223	2.76134785691334	3.0057170997668807
0.045068222364665594	16.627966748432303	2.5736139446418633	5.998794769911777
0.07082071685813532	3.732440445781866	2.1285037683534584	3.6247665201818267
0.0404533366149146	6.004392909735152	3.2480956300556776	3.8594995928329365
0.1814024794774245	10.363126935301668	2.248121954479355	5.869787341812572
0.13454465677635172	14.475385409936848	2.922457975102165	3.1728728400659265
0.1450568324026146	13.053375782908429	3.327151226687148	3.2866400248598056
0.06444046141267142	14.434711201210222	3.1402304605788576	5.514474254782849
0.19921883179968827	12.541917760159125	3.2534548221760957	5.872979518184867
0.0936773439018987	3.687707658048587	2.5920969101564055	4.31090864462386
0.07824564546108488	13.228211586663754	3.2614788573101374	4.348068996952246
0.1638786216847189	14.476765735619917	3.955471350170809	5.610360736681709
0.05278750853564862	16.00090337323732	3.2773555405978314	5.738570315760338
0.09617939060177072	6.313512163819599	3.769397443323616	3.284636118866219
0.107696843052076	18.72595176491795	2.5715530972960754	5.456696232762653
0.007855030615046665	12.100609957150166	2.8162494512286536	5.425217863608391
0.06677273085546767	1.704728167063978	2.9855087873983055	4.396858024422077
0.19908231374489704	12.906435966646752	2.1202145945849025	5.192368734150346
0.012747055858455614	11.419409909002155	3.759617173935323	5.239507074001413
0.18109342009219095	19.60239604181222	2.4283523812735583	4.385903233984992
0.004433454891689426	1.1422530746694326	3.564307726591545	4.178940499306373
0.16777056441138194	19.69559188505957	3.666294183460051	5.564912057747852
0.01901444189266668	18.86777788531664	3.4074402674370825	5.1513048523562155
0.13389906555715353	11.628708038418093	2.568641055315964	3.543930450473329
0.0847465364281065	0.23581572433176046	3.8526166409245626	3.729030626356064
0.08097242732636989	19.256112969206836	3.9070894410700596	3.4862148136848115
0.021794725809563077	11.615053718716993	3.738089770313556	3.287677968714579
0.08709552305460036	12.352430965232601	3.520096898276568	5.552019244274502
0.1639885859061208	7.4386263297042055	3.151390827511138	3.6902477013894863
0.015996570853657622	8.376818031891599	3.327721104702267	4.601349636776439
0.09633388539531676	9.772669004124342	2.3382962966700087	4.571698029611887
0.10501650033288944	6.308745211670197	3.8996882748087787	4.1343895246135745
0.12982941101499543	9.909522698548923	3.5480673152813016	3.78872641124394
0.1907774920926397	1.7134450663946543	3.084201582683105	4.0290775166532455
0.10431848574137376	8.995207745718545	2.558627153228269	3.3244183622553702
0.07435346152369808	12.668388409301459	2.1490020034730164	4.959897645993648
0.1614581693373709	15.821966262370992	3.4919833231029656	3.218596433184259
0.19495306063259932	15.899575753164177	3.3285524493140772	4.159835209989049
0.023171037936411665	5.215491689400893	3.3532728324366303	4.011682749904818
0.14517629061643703	2.398635432887528	2.607219462440917	4.3874289560133946
0.11475304288884468	13.865521863889732	3.36637916351617	3.391385358509522
0.19528746705723898	10.04690610090536	3.0260907104758505	5.415957478708018
0.035155975829423224	17.767669455235637	2.046780853574593	4.141366559536067
0.11820197987098845	8.794399035569501	3.843649232514935	4.0371639313198
0.012709104623083079	17.387692336215697	2.864338691978406	4.024667190428432
0.14131078711794073	11.23257727853141	3.522613348145423	4.74971657807883
0.05129072702778337	17.793665775127806	3.63164774662576	5.160788904626165
0.19108112284907458	2.459832624538345	2.712890491941523	5.179793461070171
0.17168913802381663	18.412175568550666	2.422774792148241	5.6768535993222144
0.034979093623873685	0.7630997183662958	2.6110452403317357	3.7238429981255665
0.14416964682214192	2.6174107750902253	3.623408914272702	5.845002410667043
0.03723811594315531	8.25081649328883	3.769932820786769	3.3341417562996924
0.03601497243994563	12.349385994888738	2.6603442148466914	3.5474018057023624
0.02463634084110038	5.597398514035885	2.8441119909151795	5.0120029611389505
0.15024041964924148	0.7565204484861843	3.3657695014172186	5.511896363479027
0.03437414256501414	16.716685620784737	2.091891297778335	4.755410151094373
0.11037789981950233	8.917608079673967	3.691179060173509	3.487009457491515
0.07399274459345566	6.567302855920216	2.594630598446958	3.1565278492309434
0.07804173640440185	5.262119105042031	2.9086174083310588	3.8506391801215702
0.17318896444195664	7.871072314985765	2.9186217074392466	5.383239257442852
0.17601073306723994	10.168229965286525	2.51743013196042	5.146313825051726
0.04309943510179792	12.180680467057874	2.9196904971477498	3.0195154489663887
0.04812786680611354	16.57999963022178	3.3380689714637333	4.430646069308075
0.03133291436038408	13.972017205736954	2.0618790693726075	4.032423704676901
0.17404359398927102	14.701003935886568	3.943488567989581	5.281751934956262
0.09927565304963913	2.1751770896609335	3.6065281871642507	4.504961174002646
0.11819103343290283	9.19420358827625	3.825559829306372	4.309659858388382
0.04563863614755617	2.4775288714297616	2.3615049094143603	5.417046694439561
0.008126372661847547	18.84073977730093	3.968370403081368	4.061739587422052
0.18471949984987562	3.4590007203020923	2.460120887577041	3.382954525722643
0.18097978699483558	2.753599009380756	3.0484431784592827	3.9973645681784475
0.06316892141635826	6.591796529417349	3.1262470976101837	4.648314494535317
0.198415799850239	6.714510235867843	2.6332680511119104	3.142010261460917
0.10592400330962702	9.12036509296016	2.41790368384685	5.974416540883299
0.10926746017632244	7.486856795393537	2.421982389196408	5.7251750919240365
0.006208441057858849	3.2983302417978866	3.1695426942405716	3.7343459321228063
0.0016262752314236462	9.161822767331627	3.6976545213851426	3.0333820111170633
0.01045839481241484	17.461019498390552	3.6644471284847775	5.504213846148254
0.140395439373009	19.1012027687838	2.2900811066510633	5.741535574281898
0.09601567941778631	6.133503097466022	2.598258086607691	4.868044125269407
0.11361682986433475	16.214588406695846	3.945837981391032	3.077674986601638
0.013648864630868562	5.540150558253987	3.6892643317849942	5.8742622206351225
0.0680601938472456	9.54722168913377	3.9244400152780132	3.606459959034762
0.006258782515512928	10.235793303814802	3.9039860102745947	4.091789523259361
0.15307586602893797	16.4394738361214	3.483468720427921	5.303456737053759
0.026927959596729778	13.794498244809041	2.5327464705396734	4.7736744584352495
0.021077553468223265	14.572470497405753	3.823177966902611	4.581882119805892
0.07866362475389753	8.152962671900855	2.758026234589164	3.6818420183375262
0.05832213066929928	1.7245747946267675	2.36702755784889	5.278634009957025
0.1078542306074743	6.127486517413621	3.5024908755618003	3.74066142110593
0.02718741387368482	9.994700704472548	2.052391554216993	5.552331819899711
0.035415296161220765	6.611574357534309	3.8814441024004904	3.1045536312991606
0.03660287308001142	10.685183109450719	2.1802573990480965	3.418838561307423
0.04308349137437437	19.22668454756447	2.278638188613716	4.914117118225127
0.0053796841045041345	5.799578128357585	3.509012269822504	5.164167865634584
0.08093726108866406	18.12721167683469	2.249132543306072	5.501151613108702
0.15579533866699513	0.1659288621647148	2.161830906925179	3.5068461728388485
0.037020422988550905	1.1030745391905672	2.778747688266962	5.480397519786946
0.013897675786779074	18.3780833783986	2.151293787417656	5.235114268902013
0.11150264963048273	7.331180960383601	3.1696193300361664	4.113214832296281
0.19757004253002056	7.558896740096044	3.4596844019350477	4.434192962581971
0.005867006379468576	16.231500134045692	3.6476710135605988	4.499708049210613
0.07524597593529232	14.683641245164697	3.5580915306327348	5.531055498891177
0.1273627956310941	10.095257571262461	3.546868875183387	5.741141195086387
0.17058797042485907	15.712308129726512	2.1131412742231697	4.774813984079271
0.00956929751036726	9.856973269103078	3.994661765029869	5.2674155551520885
0.0016203693750689752	18.172172017995894	2.932533686492793	3.6182745267985226
0.14396982450352178	9.215513175419217	2.067928935486879	5.599447930808623
0.17636125648118642	13.48986848797085	2.8919433342621557	4.041246367437069
0.11747211106318933	2.842224803891873	3.7191184633868666	3.49958156122448
0.1580196015189698	10.90197701523406	2.135752448717133	5.382305606237818
0.07811911658418014	19.573726503715076	2.5513676530532443	3.4542840272123727
0.02949739681360719	15.67311118190748	3.549100822555719	5.649252271722453
0.14768668961426523	18.654934534399892	3.0403641914634147	3.933171213604383
0.0781119431155676	16.260627529207113	2.238686482084873	3.511205967125147
0.11050927790322702	0.7323763095980951	3.3564746345337246	5.234251797225779
0.051073905107343845	18.188051912856498	2.221111373700037	3.747248813131425
0.04030640014594287	3.3650536400167708	2.888583106904476	3.5384921619894447
0.02360151328218967	14.528258786084276	3.4647314211062468	5.285976895928009
0.19087919165767173	3.461092646521715	2.993173951237305	5.8672339714172015
0.14233606202883659	17.18664212817654	2.5711844795123904	5.339239473083388
0.1269669480158062	1.0274604189007963	2.7181260099559017	3.7824695604114447
0.11528124752451774	6.466522271168094	3.7959561095890524	3.0689326822472576
0.16709014033481673	6.062666310423994	2.0304049357981215	3.7124255057301125
0.1697922240090715	13.232247311421169	3.4360183778184585	4.922425768580621
0.005962173020004258	4.230139159929376	2.1534852051653455	3.5067854317461897
0.06320779967864763	18.75418960863736	2.798838728292717	4.217134966686277
0.07023371231887628	8.344519613059035	3.962215230824731	3.459445284137505
0.15744198748808227	6.289614969381607	2.9302595903056923	5.037139753661424
0.03604665280394177	6.337986993704026	2.3928218074327945	3.8640816340466175
0.07616289246723174	6.321647534772605	2.729540347816089	3.423443123771603
0.005271275022746203	2.0663792984513396	3.7184682645812597	4.303236842991632
0.1869222397516952	14.027468918534037	2.615369870802467	4.409774752478858
0.05567817232345314	5.990935218168629	2.7604547863563247	3.826281474159879
0.016185526012258845	2.191656522288823	3.3229622354884873	5.523093930633593
0.13344293206419652	5.750874965707049	2.628959242973632	5.998154982607559
0.061932485745825085	11.755579498610484	3.299074122770129	4.734407571388635
0.020639245157542653	14.470857401675282	3.4073486968423277	3.8557950191231694
0.043896513192959265	6.581593991032957	3.457493430768709	5.952714265051099
0.0074115119106164425	16.674038256221586	3.0858714810958614	5.679462084331243
0.17603187543658563	19.4010328569666	2.124710376671127	5.876733367134893
0.17796841176634298	8.253236675204736	3.3358785095497683	3.112149048719994
0.15620446384831502	7.913791217961039	2.141713865020065	5.267877821282052
0.07299979281321907	14.75512782802996	3.0671789724009257	3.9405621510429754
0.17717224187425495	11.379248845953963	2.716557298262768	4.244167759452051
0.06059313670351374	17.240926173929548	3.0918610715538213	4.655071476565055
0.10759804699956606	2.6195530907317455	2.387033623865808	4.529453814775315
0.0989653872831958	6.07756762011654	3.8531414959059633	5.57665191148107
0.013481456046718777	18.908353817874346	3.3289122895975267	3.3697101639068023
0.06919242199681412	11.83812322223853	2.653736845951519	5.847249558949241
0.181748078350853	15.89118596370945	2.4448442362197165	5.581816564859285
0.057422971483899944	12.53723081931938	3.3073465731188114	4.685378172230699
0.07400315806339379	19.087036256917482	3.168547584957368	3.1354331690206836
0.0847620813691469	1.5259660012654086	2.460845432806553	5.593287040277426
0.19620875651068548	17.828221680171822	3.5121227799644825	4.189570722363092
0.007259810547746649	19.223275309174266	2.076688423494085	4.0189917298081905
0.13510969070475762	5.939457796805345	3.2158695449740304	5.516602282968658
0.03980436110211243	0.22957687310324548	3.509048415081022	5.171464793245308
0.15385404322626628	4.105986126182057	3.682394207373135	3.518117224855692
0.07263759676085822	1.704350760668385	2.732059735598971	5.0712302307351695
0.07060897512632432	18.243777472867954	2.5399925871003317	3.889254012829901
0.1628808981211854	4.491442204956826	3.816977708333773	5.615921368671046
0.05958146456126006	3.6104641318561237	2.171264835979854	3.49891694566075
0.15759556651109585	10.648818887726321	3.2273539609149444	3.5390468377368656
0.04569511177328196	2.768132093217459	3.5262236423619915	4.589719236595788
0.034676175969397295	7.564007227702256	3.6699179666640442	3.855232089556127
0.12299086221966093	1.5610846861805427	2.0648318356502195	4.63838838317664
0.055255015163816305	2.2879485305857816	2.272189812831571	5.477470536052664
0.05519075742379834	2.5313747713572976	2.112934486240504	3.7362969361149085
0.02017140574219143	8.014629965788602	2.275670102531251	3.9244570202244446
0.0988593170934487	10.917845733485274	2.3937401609343962	4.576277960305543
0.02769710239023118	12.220005472577181	2.0325693335627397	5.506993950710832
0.15274481922323657	18.128448034527946	3.0956067097066553	5.502665351805232
0.19287606141519384	5.835076489499822	3.473132332928315	4.435509342316581
0.0011186672642630846	14.074811862313684	3.7174055688496126	5.1660939372809285
0.18207404248346495	6.597016182922024	3.1338950160459653	3.4413871969132193
0.10396498256807743	13.614577193873396	2.173585606892942	5.360116325514625
0.031140097735057593	11.700383886723301	2.8079648686641314	5.997546776052856
0.0951195822138669	16.490263653260527	2.9150549086063373	5.037967829116582
0.007879274380031021	18.243276004401608	3.6449905671608063	3.0159945895725464
0.10435595610522999	13.828379824708668	2.1313209994443985	5.45071462855174
0.059132535431334565	19.437377254183367	3.293118804876036	5.872653752461152
0.17610054861350644	15.928190638143999	3.888724176082751	3.86534075469103
0.10237253157335285	5.87154689195577	3.3638478842026314	3.450157281712978
0.13873470283906983	1.9313722834121583	2.0755935114252577	5.275286244323513
0.007243311030888356	8.192138706105489	2.3985711939582313	3.25886514850863
0.04101692678698843	14.44005897037227	2.81752645897659	4.885646116200087
0.1455863777550738	12.566455660810302	3.3933542635351674	3.129502297741511
0.1051040586489675	6.64864970141458	2.1090723898224035	5.24995809942018
0.19894812129727313	16.119408437320132	3.751981401785496	4.133236996674578
0.13171590768478625	18.16853806521256	3.856464962771684	5.766955070587668
0.030328462197627772	7.296103796892637	3.985411129011855	3.776816809764685
0.10135328744223626	9.978496942670088	2.330812871940477	4.755206738411244
0.11619148019534645	14.96886760801849	3.021011554289855	5.429678315317341
0.17116624212829096	2.6623241724862057	3.7548363152359046	5.137113402748167
0.038518496868150544	19.611210558271903	3.7012794394043476	5.80282376850321
0.11557307932307355	6.385332968949138	3.6002127970862823	5.996390747030048
0.09357930231387601	14.953424521141127	2.1379180787949346	5.797162311682421
0.029379921205073645	1.484511873696217	3.8800682803014737	5.118182926181578
0.12905728029871133	3.117953549651755	2.4952326403403067	4.358154209684661
0.1924209997913444	11.220384928353253	3.4324157142623304	4.092968602191105
0.08986350598632949	5.967524057616025	3.454136168139079	3.1472962891744642
0.1706155323407398	18.40297347034088	3.8253912722935883	5.5390471696410195
0.10609984369967829	10.103140027661354	2.8792132261402172	4.518581935645292
0.1855766372993716	3.2958263363631257	2.474354809296232	4.612738624427654
0.10760384896171221	17.586782474234784	2.3015525928292093	4.233865116224556
0.15681706645794105	8.722848955533028	2.012456537193248	3.156086593770685
